warning: import zmqRemoteApi is deprecated. Please use import coppeliasim_zmqremoteapi_client instead.
Program started
Connected to remote API server
Collision detected!
Collision detected!
Collision detected!
Collision detected!
Collision detected!
Collision detected!
Collision detected!
Collision detected!
Collision detected!
Collision detected!
Collision detected!
Collision detected!
Collision detected!
Collision detected!
Collision detected!
Collision detected!
Collision detected!
Collision detected!
Collision detected!
Collision detected!
Collision detected!
Collision detected!
Collision detected!
Collision detected!
Collision detected!
Collision detected!
Collision detected!
Collision detected!
Collision detected!
Collision detected!
Collision detected!
Collision detected!
Poses in free space (collision-free):
[114.50147070984758, 347.480704249774, -214.36767530325753, 132.5468768864747, 318.4820495073254, -336.17315626591943]
[24.55771204489247, 132.4499975461166, 296.414379215566, 298.97570558164216, -308.250873904194, -268.7912303277258]
[180.50502934263204, 119.48727122292962, 237.01278897171574, -69.86528575288776, 351.0192919555261, -139.3180076108298]
[-165.3857099964386, 119.45301804616582, -304.306234042831, -14.070602416005897, 25.533946528161493, 147.11335990711734]
[161.30855998682352, -16.038332224491796, 295.40467749361005, -288.53254431989785, -245.06718133272577, -180.94342401776836]
[339.7131314731987, 46.543695103762104, -252.99551014831746, -197.89174686675167, -212.1794725113731, 242.30400419541434]
[-162.70401068429388, 159.23001582345864, -277.3819151403032, 154.9310568687, -216.50151167085883, -178.3075164979807]
[-26.499713528836253, 44.300997277563056, -112.73179983432979, 99.03352116553953, -297.313457140368, 85.02482109993105]
[56.68057621909185, 155.87152311896773, -278.314267737316, 178.9859313615309, 66.3821586351126, 354.74319642766704]
[114.29497365794049, -154.01605663945597, -17.855389600584147, 155.25997471515484, 255.42879080861985, 143.75549636936591]
[10.754453468015072, 275.14291523023314, 57.88533280354187, -261.60887877487585, 236.76896297852045, -89.87773475327032]
[87.63329937094329, 329.00788707163053, 156.44010739330952, -230.83806038398097, -266.9514355495, 132.43269362234287]
[-31.427609720553562, -168.38479241278043, -152.90477754686725, 151.39537670897556, 210.33015593965888, -286.0459811199446]
[278.57608771489254, -0.41585536318046934, -0.9732416560182173, 307.05653957736206, -30.754317280004557, -206.39002385074696]
[223.02059995075956, -190.61327375042566, -189.97874586319168, -203.06911446669514, -285.2950134274812, 206.01333301219665]
[258.53057487770116, -228.27391889145565, 270.4082719753528, -308.0342605834293, 324.14338231360523, -100.45037436161141]
[-146.90761959711153, 214.08257146771598, 199.1917990716812, 288.91690526842217, -52.8326188364627, -76.51533473449138]
[-201.00806793629465, -61.98051757119765, 179.27857778144187, -358.0331225099647, -228.89552249928857, -7.784789047858965]
[28.69978058194266, 101.4838635125231, 190.43740240745558, 188.4899508053677, 181.34319892248857, 175.26876829026003]
[-80.08351499168299, -78.0416504157833, -350.32833298341916, -210.62422058574293, 268.1862604087887, 130.94721424592728]
[-85.6524067408979, 61.47425842110039, 189.35611122953503, -145.9542853467486, 282.6172538098126, -301.0208739760824]
[308.04412465725727, -337.3904643738281, 247.43624561517368, 255.75798167939558, 1.4601711191542677, 1.8502597880496978]
[31.999683614889193, 89.36092757622254, -336.9055075299536, -31.036790583011566, -168.02322555730638, -242.34676076588698]
[-273.8747760190063, -4.053460907085366, 299.6813049726378, 300.5526854027196, -37.09337038262504, 81.8911832680983]
[86.14680167119405, -329.7064461861871, -297.8991083783561, 164.4277225395682, 17.998675362250992, 307.3091346990203]
[-105.99639700354348, -301.9330119251291, -161.8821542940653, -317.0562889316531, 357.26395563293465, -358.3843972266719]
[77.50097928155327, -97.69777036931129, 176.75990911879808, -22.523524022913136, -41.85153931218849, 269.43244319509995]
[324.88281369172523, -136.86205991227814, 166.42285462606014, -69.35079040317015, 327.1142588535954, 100.156014960606]
[187.6194330072767, -298.76581003603275, 231.84470315527972, 72.73374590496871, -53.44041302806892, 223.86045840005875]
[-230.7219784374991, -252.0658301696233, 27.279016600024704, -356.723454347639, 242.3707223825886, -155.6852896336729]
[305.9295546911833, 33.692775389039866, 107.8156571060594, 99.61254402108767, -344.1838634768586, 182.98837491267716]
[-336.8391144085288, -324.6935784268801, -229.21830544158553, -277.2733023997239, -183.03982432164176, 32.374701431596975]
[-231.89022839938227, -169.21954909117017, 138.7392452065763, -3.112347562631612, 112.7401529400043, -183.7811952456275]
[-129.80496573932876, -356.3517124067244, -223.4871824659044, 172.46511634983585, 94.73901667457977, -200.27929367080287]
[259.80323322930394, 19.846450404552343, -122.88740391939194, -104.67157152378826, 65.20590448798697, -177.37985290953796]
[40.750015652714126, 67.36435588065797, 131.0505295253643, 215.97878168761065, -276.8138988481621, -228.9176512144208]
[127.11843886254383, -23.12206717388375, -216.4138540230934, 46.81930729240099, 342.249795181831, 215.19402499218768]
[-160.182854303365, -89.01895702968466, -253.81354063380735, -227.0506957136806, -316.50226154111374, 95.26291258965756]
[-255.93024328883786, -205.0171104347437, -111.11142628046159, -347.36485264423374, 59.242407050651934, -217.96406230681438]
[-129.6402306670795, -12.550986630614432, -33.98464522063222, 175.03855352635196, -81.1940767595915, 113.18845628594033]
[9.704138473706394, 53.2074987442852, -151.66812236612412, -241.14833083496234, 60.52562020352383, 332.1998776202199]
[-84.43571264059813, -47.634273721149555, 233.7695324701824, -121.30132271579387, 174.91402153411616, 153.13789662512374]
[205.29369557055293, -284.3596445567378, -248.73631917977121, 47.604840095335874, -73.01262242123494, 232.34937149882558]
[83.29342360818072, 82.04523461765001, -188.00524172216726, 86.65019720820237, 77.49837670774951, -107.75192688741689]
[-56.88947792558912, -180.5513536189351, 245.4729520465188, -6.545266061013649, -248.5302033785917, -95.16402173726385]
[13.004034804479943, -12.172220019209306, 163.78534062720087, -213.41958531858543, 338.85163270641897, -214.23141138740579]
[139.53373623829174, -104.78141215055683, 338.2234425155609, 353.08569836566426, 288.65844671425725, 130.86157408760528]
[-336.950675789995, 19.460379347066066, -250.40801689266618, -217.5171051095349, -307.15986226067236, 125.18324533778292]
[151.91264970698813, 258.43088607175696, -158.5001221505552, -119.14734525012159, 172.67365166441812, 252.13754018531768]
[-209.16903075608957, -321.4823694205014, 287.54628371561455, -317.967842146633, -172.1499637095065, 245.63636746950328]
[256.97441244521997, 20.37644696284127, 113.67691245148933, -347.58238861207894, -191.7358304026647, 96.37730789722355]
[-144.21074689611822, -152.10259248721255, -159.19396547122247, -161.4667653490654, -68.47573214429917, -304.7778567543832]
[-15.548962951429587, -261.0622240008938, -284.7624867104852, -230.39599616955047, 120.81746562848241, -175.61021961105465]
[149.2801925104826, 357.1740657988016, -229.71338229715587, -144.6219180321903, 277.5551441792078, -98.24601462201815]
[-118.30151640528416, 333.0125386524659, -341.3462855587843, 10.515655525461227, 215.2395203945806, -46.094459289793235]
[-235.96398777278696, -329.71560678840865, -279.694239597806, 114.79386321851882, -225.71884563528874, 299.0750564109038]
[-85.07205835848964, 150.83648541378523, 1.5831777650321328, -180.8704206320166, 110.47760659072406, 321.50918100572835]
[136.0464676540377, -0.0509843718083971, 342.5780844624486, 219.70302721966334, -178.81919826884456, 185.3185163393872]
[258.80570948980676, 180.15658679593116, -112.70103221526458, 33.25554190473565, 311.6651558263137, -160.34016078245853]
[-34.82871167887828, -66.29405742702818, -258.048113728064, -13.806263897738916, -303.3345901382134, 120.76066817464721]
[108.62362917344495, -44.33826831428877, -223.7893680926524, -262.08385160805466, 235.05110165537644, 138.0661540755067]
[-308.0706347159304, 22.721066792291765, 267.13607592419453, -57.38840154815733, 148.75614448531132, -221.15360559808533]
[307.5710110811235, 31.224816216944987, 290.8104246641176, 193.82469007584507, 228.40376312259718, 331.313943939199]
[-104.97216942548212, 132.09925052847638, -305.4498528077995, 162.94923186358824, 326.952447415787, -139.19190854154164]
[-69.53264339372129, 357.45402387081447, -173.50228382348428, -292.13790165105416, -212.76832663376928, 52.377210612863905]
[294.56629499291364, 176.84393237903987, -91.73215401540813, -264.22906209157117, -30.080195952069005, -325.792133431911]
[-217.7242255939965, 226.069041003223, 201.58751048507872, -221.2839431290122, 117.90392587167997, 295.7319086422161]
[244.98063726338887, -204.7921920023122, -136.79745778593983, -178.19732051281102, 268.8623695599906, 271.693723198464]
Simulation ended with, 32 collisions and 68 free space position